Matrices(50): 0:00:00.236912
Matrices(100): 0:00:03.510276
Matrices(150): 0:00:15.877793
matrices(50): 0:00:00.228232
matrices(100): 0:00:03.236249
matrices(150): 0:00:15.402053
matrices(50): 0:00:00.228705
matrices(100): 0:00:03.233922
matrices(150): 0:00:15.332179
matrices(150): 0:00:16.472710
matrices(150): 0:00:16.534509
matrices(150): 0:00:16.324374
matrices(150): 0:00:16.148648
matrices(150): 0:00:16.255472
matrices(150): 0:00:16.260388
matrices(50): 0:00:00.244925
matrices(100): 0:00:03.251500
matrices(150): 0:00:15.423298