Matrices(50): 0:00:00.236912
Matrices(100): 0:00:03.510276
Matrices(150): 0:00:15.877793
matrices(50): 0:00:00.228232
matrices(100): 0:00:03.236249
matrices(150): 0:00:15.402053
matrices(50): 0:00:00.228705
matrices(100): 0:00:03.233922
matrices(150): 0:00:15.332179