
matrices(50): 0:00:00.247999
matrices(100): 0:00:03.272597
matrices(150): 0:00:15.381956
matrices(50): 0:00:00.316001
matrices(100): 0:00:03.563390
matrices(150): 0:00:15.950882
matrices(50): 0:00:00.338999
matrices(100): 0:00:03.603455
matrices(150): 0:00:16.150861