
matrices(50): 0:00:00.247999
matrices(100): 0:00:03.272597
matrices(150): 0:00:15.381956